# Created by Octave 3.8.2, Sat Jun 13 23:28:59 2015 W. Europe Daylight Time <unknown@HAWAII>
# name: X
# type: matrix
# rows: 118
# columns: 28
 1 0.051267 0.69956 0.002628305289 0.03586434251999999 0.4893841936 0.000134745327251163 0.00183865724797284 0.0250892594532912 0.3423536064748159 6.907988692185375e-006 9.426244113182359e-005 0.00128625106439188 0.01755144234314439 0.2394968889455222 3.541518562822676e-007 4.8325525695052e-006 6.594223331817851e-005 0.0008998097946059834 0.01227828700557009 0.1675424436307295 1.815630321602302e-008 2.477504725808231e-007 3.380660475523058e-006 4.613054874006496e-005 0.0006294709399145618 0.008589398457616611 0.1172059918663131
 1 -0.092742 0.68494 0.008601078564000001 -0.06352270548 0.4691428036 -0.0007976812281824882 0.00589122275162616 -0.0435092418914712 0.321334671897784 7.397855246410032e-005 -0.0005463637804313134 0.004035134111498822 -0.02980122014114428 0.2200949701696682 -6.860918912625592e-006 5.067086972476087e-005 -0.0003742264077686238 0.002763824758330003 -0.02041204772347537 0.1507518488680125 6.362953417947227e-007 -4.699317800013773e-006 3.470650550927771e-005 -0.0002563226357370412 0.001893054129970552 -0.01398102796771722 0.1032559713636565
 1 -0.21371 0.69225 0.0456719641 -0.1479407475 0.4792100625 -0.009760555447811001 0.031616417148225 -0.102411982456875 0.3317331657656251 0.002085928304751689 -0.006756744508747165 0.02188646477085876 -0.07089469485577174 0.2296422840012539 -0.0004457837380084835 0.001443983868964357 -0.004677356386180226 0.01515090523762698 -0.04907685251390798 0.158969871099868 9.526844264979301e-005 -0.0003085937926363727 0.0009995978332905759 -0.003237899958333262 0.01048821415074727 -0.0339734511527528 0.1100468932688837
 1 -0.375 0.50219 0.140625 -0.18832125 0.2521947961 -0.052734375 0.07062046875 -0.09457304853750001 0.126649704653459 0.019775390625 -0.02648267578125 0.0354648932015625 -0.04749363924504713 0.06360221517992058 -0.007415771484375 0.009931003417968751 -0.01329933495058594 0.01781011471689267 -0.02385083069247022 0.03194039644120432 0.002780914306640625 -0.003724126281738281 0.004987250606469726 -0.006678793018834753 0.008944061509676332 -0.01197764866545162 0.0160401476888084
 1 -0.51325 0.46564 0.2634255625 -0.23898973 0.2168206096 -0.135203169953125 0.1226614789225 -0.1112831778772 0.100960348654144 0.06939302697844139 -0.06295600405697312 0.0571160910454729 -0.0518178989467394 0.04701117674731561 -0.03561597109668505 0.03231216908224145 -0.02931483372908896 0.026595536634414 -0.02412848646555973 0.02189028434062004 0.0182798971653736 -0.01658422078146042 0.01504583841145491 -0.01365015917761298 0.01238394567844853 -0.01123518843782323 0.01019299200036631
 1 -0.52477 0.2098 0.2753835528999999 -0.110096746 0.04401603999999999 -0.1445130270553329 0.05777546939841998 -0.02309829731079999 0.009234565191999998 0.07583610120782706 -0.03031883307620885 0.01212129347978851 -0.004846022775805838 0.001937411777281599 -0.0397965108308314 0.01591041403340212 -0.006360891179388616 0.002543047372059629 -0.001016695578364065 0.0004064689908736795 0.02088401498869539 -0.008349307972308428 0.003338004864207764 -0.001334514969435732 0.0005335313386581102 -0.0002133027323407808 8.527719428529795e-005
 1 -0.39804 0.034357 0.1584358416 -0.01367546028 0.001180403449 -0.06306380239046401 0.0054433802098512 -0.00046984778883996 4.0555121297293e-005 0.02510191590350029 -0.002166683058729172 0.0001870182138698577 -1.614256048117451e-005 1.393352302411095e-006 -0.009991566606229258 0.0008624265246965595 -7.444072984875816e-005 6.425384773926701e-006 -5.546099504517124e-007 4.7871405053938e-008 0.003977043171943494 -0.0003432802538902186 2.96303881089997e-005 -2.557560155413784e-006 2.207569446777996e-007 -1.905473406766948e-008 1.644717863438148e-009
 1 -0.30588 -0.19225 0.09356257439999999 0.05880543 0.0369600625 -0.02861892025747199 -0.0179874049284 -0.0113053439175 -0.007105572015625001 0.008753955328355533 0.005501987419498991 0.0034580785974849 0.002173452368139375 0.001366046220003906 -0.00267765985583739 -0.001682947911876351 -0.001057757081398681 -0.000664815610366472 -0.0004178462177747949 -0.000262622385795751 0.0008190425967035408 0.0005147801072847383 0.0003235467360582286 0.0002033537988988964 0.0001278108010929542 8.033093536720433e-005 5.048915366923314e-005
 1 0.016705 -0.40424 0.000279057025 -0.0067528292 0.1634099776 4.661647602625001e-006 -0.000112806011786 0.002729763675808 -0.06605684934502398 7.787282320185064e-008 -1.88442442688513e-006 4.560070220437264e-005 -0.001103479668308626 0.02670282077923249 1.300865511586915e-009 -3.14793100511161e-008 7.61759730324045e-007 -1.843362785909559e-005 0.0004460706211170788 -0.01079434827179694 2.173095837105942e-011 -5.258618744038945e-010 1.272519629506317e-008 -3.079337533861919e-007 7.451609725760803e-006 -0.0001803195878803679 0.004363507345391196
 1 0.13191 -0.51389 0.0174002481 -0.0677872299 0.2640829320999999 0.002295266726871 -0.008941813496108999 0.03483517957331099 -0.135709577976869 0.0003027686339415537 -0.001179514618271738 0.004595108537515454 -0.01790145043092879 0.06973979502653319 3.993821050323035e-005 -0.000155589773296225 0.0006061407671836635 -0.002361380326343816 0.009199376361949993 -0.03583858326618514 5.268249347481116e-006 -2.052384699550504e-005 7.995602859919706e-005 -0.0003114896788480128 0.001213489735904824 -0.004727467518642481 0.01841708955465988
 1 0.38537 -0.56506 0.1485100369 -0.2177571722 0.3192928036 0.057231312920153 -0.083917081450714 0.123045867723332 -0.180419591602216 0.02205523106003936 -0.03233912567866166 0.04741818604454046 -0.06952829801574599 0.1019478944307482 0.008499424393607369 -0.01246252886278584 0.01827354635598456 -0.02679412020632803 0.03928766007677743 -0.05760667722703857 0.003275423178564472 -0.00480268474785178 0.007042076559205769 -0.01032565010391263 0.01514028556378772 -0.02219988520298385 0.03255122903391042
 1 0.52938 -0.5212 0.2802431844 -0.275912856 0.27164944 0.148355136957672 -0.14606274770928 0.1438057805472 -0.141583688128 0.07853624240265238 -0.07732269738233863 0.07612790410607673 -0.07495157282120064 0.07379341825231361 0.04157551600311611 -0.04093308954026242 0.0403005898756749 -0.03967786362008719 0.03906475975440978 -0.03846112959310585 0.0220092466617296 -0.02166915894082412 0.02133432626838477 -0.02100466744320176 0.02068010251878945 -0.02036055278399837 0.02004594074392677
 1 0.6388200000000001 -0.24342 0.4080909924000001 -0.1555015644 0.0592532964 0.2606966877649681 -0.09933750937000801 0.037852190806248 -0.014423437409688 0.1665382580780169 -0.06345878773574853 0.02418073653084735 -0.009213980286056888 0.003510953134266252 0.1063879700253988 -0.04053874278135088 0.01544713811063591 -0.005886074886338862 0.002242867081231968 -0.0008546362119430912 0.06796276301162525 -0.02589695966358257 0.00986794076783643 -0.003760142358890992 0.001432788348832606 -0.0005459587049134856 0.0002080355467111872
 1 0.73675 -0.18494 0.5428005625 -0.136254545 0.0342028036 0.399908314421875 -0.10038553602875 0.0251989155523 -0.006325466497783999 0.2946324506503164 -0.07395904366918156 0.01856530103315702 -0.004660287442242362 0.001169831774100173 0.2170704580166206 -0.05448932542326951 0.01367798553617844 -0.00343346677307206 0.0008618735595683023 -0.0002163486883020859 0.1599266599437452 -0.04014501050559382 0.01007725584377946 -0.00252960664506084 0.0006349853450119467 -0.0001593948961065618 4.001152641458777e-005
 1 0.54666 0.48757 0.2988371556 0.2665350162 0.2377245049 0.163362319480296 0.145704031955892 0.129954477848634 0.115907336854093 0.08930364556709862 0.07965056610900793 0.07104091486073426 0.06336190476465849 0.05651294022995012 0.04881873088571013 0.04354177846915028 0.038835226517769 0.0346374188586482 0.03089336390610454 0.02755401426791678 0.0266872474259823 0.02380254861794569 0.0212296649282036 0.01893489139326863 0.0168881663129111 0.01506267743969939 0.01343451073660818
